313 280 320
313 280 322
308 282 324
315 279 321
321 273 319
319 275 320
318 277 320
320 284 309
316 243 355
298 292 319
329 253 307
310 257 294
300 262 307
287 302 318
301 333 343
295 311 345
280 252 316
293 285 323
302 307 344
271 315 346
303 314 361
301 333 353
297 269 324
380 257 304
309 278 286
264 288 325
291 302 349
355 280 332
305 306 334
308 224 206
315 292 334
316 280 296
322 272 318
373 278 333
318 267 327
334 282 331
367 294 324
347 279 324
349 272 318
348 276 321
348 276 322
348 275 321
348 276 321
348 275 321
348 275 321
348 276 321
348 276 322
348 275 321
348 275 321
348 275 321
347 279 319
328 302 294
348 253 291
326 255 311
348 228 281
347 278 286
327 289 325
303 275 324
317 298 355
272 315 342
289 263 298
358 263 324
306 324 338
275 254 323
368 283 323
324 291 326
368 277 313
330 287 303
373 275 311
324 271 299
379 272 297
339 296 317
319 276 310
368 257 281
365 221 270
306 289 291
383 259 287
353 265 288
338 271 288
338 284 278
362 292 285
387 304 321
342 280 313
357 327 341
416 329 351
384 301 332
381 335 370
367 372 395
348 375 381
370 360 368
358 338 357
399 318 349
360 312 315
378 315 315
387 289 302
339 289 283
429 283 276
340 273 302
400 302 287
325 260 298
367 268 263
340 284 290
351 263 284
352 274 287
355 271 272
384 259 264
363 254 258
357 270 269
326 291 292
377 280 288
386 311 265
352 324 314
364 340 337
402 310 303
400 323 335
375 337 351
363 344 369
295 433 423
377 365 385
370 318 362
341 328 378
377 353 355
399 343 356
382 330 319
375 286 318
380 312 306
366 295 297
380 282 283
345 277 274
403 277 261
347 284 296
362 286 286
327 267 290
338 260 262
349 272 273
371 257 280
370 253 284
384 266 252
339 268 259
344 304 283
357 307 286
400 288 285
375 314 313
374 320 317
382 325 321
369 326 335
404 333 334
348 347 394
315 417 420
388 389 378
428 321 329
389 327 362
386 341 354
386 338 355
391 296 302
381 296 337
386 320 318
358 300 303
419 287 274
342 293 319
407 311 283
357 273 289
372 291 292
360 268 293
355 267 293
354 279 295
348 267 282
363 276 270
383 276 259
371 272 270
357 268 271
357 288 281
368 301 282
364 295 304
380 311 306
379 306 313
390 319 326
383 321 321
378 319 332
386 332 338
390 347 365
334 371 393
341 402 400
370 342 349
414 305 334
397 334 343
417 366 354
402 318 332
398 327 328
383 324 333
422 311 323
398 298 316
425 299 318
397 295 322
386 295 329
406 280 323
364 312 343
360 329 359
352 287 364
350 282 363
333 296 381
354 260 370
296 290 381
299 283 386
304 295 396
302 331 422
308 324 410
312 322 410
296 345 422
317 344 421
307 345 412
302 331 411
307 343 414
300 358 419
316 347 406
316 347 407
314 355 411
319 352 408
311 348 410
312 348 412
309 356 411
