293 277 319
305 287 324
302 282 322
300 276 319
300 283 321
298 275 316
305 288 316
299 256 299
321 301 316
314 287 310
327 288 304
335 313 318
316 271 294
334 294 300
333 299 301
334 299 295
332 312 298
331 297 293
340 307 298
345 300 294
343 316 304
332 287 290
341 304 298
341 304 296
339 284 289
336 305 299
327 272 291
336 298 303
338 298 301
333 310 307
328 274 297
324 278 298
324 287 305
327 273 298
330 285 310
332 300 314
318 260 304
339 275 303
338 284 313
344 269 303
331 278 309
335 277 312
326 291 318
321 268 312
322 273 314
317 274 314
316 266 314
313 268 312
312 274 313
319 283 320
316 281 320
313 279 322
315 280 318
312 285 324
311 280 320
326 279 312
318 271 320
326 271 314
322 264 309
319 273 316
317 279 319
326 268 305
328 279 309
321 286 314
329 268 296
328 295 309
326 268 294
341 282 296
338 297 300
351 262 281
353 317 308
348 274 281
360 360 327
339 289 290
352 307 299
345 333 306
359 272 267
372 336 306
369 315 296
362 318 291
360 326 296
377 298 282
374 318 294
365 321 295
363 319 296
354 344 312
362 288 284
359 331 310
359 264 281
351 331 319
354 299 300
347 286 297
342 303 305
332 272 290
334 277 300
339 294 308
319 289 311
327 326 325
331 269 305
321 269 303
325 275 306
314 290 318
322 277 309
313 284 316
312 273 310
317 283 316
309 285 315
312 275 311
307 281 313
307 272 308
309 274 313
312 284 314
307 288 320
307 283 318
309 283 316
309 276 312
311 271 310
323 259 299
322 275 303
333 268 298
333 278 304
339 267 296
337 309 309
329 295 304
334 284 294
342 293 294
344 292 292
348 301 298
348 275 285
360 311 299
356 298 288
369 307 287
361 350 313
364 276 275
361 345 315
366 282 286
380 262 267
375 334 296
377 342 305
370 320 287
378 335 302
371 332 300
370 320 292
370 322 296
370 324 300
360 344 310
368 289 282
357 349 317
364 281 276
361 309 291
356 321 298
358 291 283
345 343 311
350 250 273
337 308 303
348 284 297
337 284 293
334 303 310
334 305 315
323 270 294
317 293 309
311 263 302
316 277 309
315 281 305
318 282 306
316 286 311
316 283 310
314 286 310
316 289 312
315 290 315
313 277 308
313 280 309
308 284 313
311 271 308
319 281 313
314 289 318
315 288 317
315 289 313
307 284 316
310 277 317
315 273 310
324 287 316
319 288 316
312 276 310
311 285 317
312 280 314
309 286 316
311 278 311
310 291 318
313 277 311
