313 301 405
315 304 403
312 303 400
311 304 402
311 305 402
311 305 402
311 304 401
312 304 400
312 304 399
312 305 400
309 306 400
308 305 401
307 304 400
308 305 399
312 305 398
311 303 397
309 298 396
305 292 400
303 288 405
293 274 402
293 272 399
299 272 386
298 272 378
318 283 351
312 285 335
327 295 320
331 306 311
340 320 303
343 324 295
355 347 289
348 343 285
355 347 283
351 341 283
346 336 289
339 325 300
329 313 312
312 296 322
301 277 341
315 285 354
293 274 383
305 290 389
288 288 402
305 303 414
288 295 415
287 287 406
303 289 410
293 288 410
299 287 412
297 283 409
292 277 404
292 276 391
302 279 368
316 292 342
302 292 327
328 308 316
325 318 309
342 333 302
347 343 292
357 358 288
358 356 288
352 351 290
348 341 283
345 341 290
336 327 291
330 318 302
317 301 311
316 291 323
292 278 337
316 289 350
282 273 375
311 292 380
278 282 399
306 297 405
288 295 406
292 293 404
293 292 404
294 288 406
292 283 410
290 278 407
295 275 398
288 271 385
295 278 367
311 289 342
309 295 328
325 316 313
332 324 305
340 335 301
353 351 294
349 354 290
362 364 287
360 359 286
357 353 283
349 346 288
337 334 290
335 327 305
322 304 308
298 289 317
308 288 320
293 275 341
301 286 343
295 278 360
295 285 367
298 288 386
303 297 394
294 297 405
286 292 405
290 291 404
291 280 405
288 281 406
290 278 407
292 272 402
295 275 385
295 279 364
306 289 344
314 300 332
326 313 314
327 322 308
340 332 302
345 343 292
355 357 285
356 361 284
358 360 285
354 353 281
345 347 291
341 337 291
328 317 311
319 310 307
303 285 325
303 286 333
302 280 342
288 273 362
305 289 368
283 282 384
305 296 391
286 293 402
292 297 405
288 292 403
290 284 404
285 280 405
290 278 406
294 273 404
295 272 387
291 274 370
310 290 346
306 295 334
314 306 319
326 319 312
331 329 303
346 343 295
352 355 287
361 365 284
361 361 283
356 353 281
348 345 291
338 333 290
332 325 301
318 307 304
318 300 316
294 282 333
313 290 338
291 282 358
296 288 368
305 293 387
283 287 399
304 298 406
278 287 405
290 285 401
291 280 404
290 280 408
295 281 406
295 276 400
289 272 384
301 281 362
303 292 343
311 299 329
320 310 316
326 320 308
333 333 300
345 343 291
350 353 285
351 353 287
358 359 283
349 351 279
348 351 276
341 344 285
332 327 289
329 322 300
309 292 310
323 299 323
308 284 324
304 282 336
316 288 341
292 283 365
306 293 380
295 293 406
295 294 411
291 286 405
278 273 407
298 285 403
283 279 409
297 279 407
293 276 400
296 273 392
306 280 364
302 282 346
312 298 333
319 309 316
326 320 310
338 335 302
343 346 292
352 362 285
350 361 284
350 356 282
347 350 283
338 337 286
336 335 295
326 314 302
312 300 315
312 292 333
304 285 346
308 291 354
274 273 378
314 297 391
285 296 410
283 295 413
295 297 403
284 282 404
288 286 403
290 283 408
297 282 409
293 278 401
299 281 385
296 279 363
303 287 350
313 297 332
315 302 319
325 316 307
328 322 301
339 336 293
352 352 285
358 360 284
356 360 284
353 353 279
347 347 287
337 339 295
331 330 303
314 303 317
302 288 328
301 277 341
297 282 346
306 282 359
281 278 372
308 292 385
287 286 393
298 293 398
284 284 401
289 283 402
282 276 406
288 275 409
294 273 400
294 275 387
298 280 361
300 293 341
309 301 328
316 310 318
326 317 311
336 332 301
345 345 291
361 363 284
357 362 286
357 356 283
352 347 286
339 336 298
329 321 298
318 305 312
302 292 320
303 280 335
300 283 342
309 291 349
256 259 377
338 295 385
281 270 387
295 277 381
278 272 392
294 275 392
287 268 389
291 266 382
291 265 370
304 275 354
300 285 336
304 291 327
325 309 314
325 311 309
327 319 305
344 340 296
349 354 285
350 361 282
344 350 284
342 341 284
339 332 290
331 333 296
322 315 309
318 307 319
304 296 330
293 279 354
311 293 363
286 277 386
309 296 406
299 304 421
290 303 420
299 307 411
291 301 409
300 306 406
297 311 406
303 315 406
304 315 403
303 315 402
305 316 400
306 316 400
305 317 398
302 313 397
299 310 396
