312 325 396
308 328 393
298 334 386
301 334 387
293 350 381
297 382 371
300 382 375
302 347 392
300 341 391
300 324 404
307 328 401
310 324 404
314 318 402
314 319 397
320 310 400
321 316 388
334 308 397
338 297 397
345 291 411
340 290 403
379 304 408
354 296 402
359 292 426
349 291 401
353 299 392
369 308 409
355 271 456
347 279 399
359 275 402
343 269 392
342 267 392
340 258 390
335 259 381
338 262 379
328 263 371
328 272 369
315 274 369
324 277 363
314 282 361
316 308 360
299 299 353
297 300 357
293 299 357
306 301 348
345 331 365
275 357 361
293 358 355
292 311 351
294 303 358
305 287 356
308 302 370
321 292 372
329 303 380
352 272 381
349 290 379
363 277 382
364 283 374
372 285 378
376 288 373
384 288 373
389 293 370
389 298 369
407 301 376
384 302 381
385 228 400
377 257 389
382 278 384
382 276 371
370 267 367
368 271 364
367 268 355
362 269 348
357 263 338
355 256 334
347 257 338
339 268 341
341 261 336
335 267 334
326 274 337
325 289 349
316 281 342
311 284 346
301 304 348
295 309 346
287 325 346
249 341 346
282 347 351
287 321 352
295 309 352
302 300 353
311 302 354
325 295 359
349 290 379
348 280 379
355 276 382
358 291 388
372 288 397
359 281 384
368 288 401
367 288 397
389 283 409
367 278 396
372 285 400
365 283 419
368 267 413
375 272 401
381 282 412
367 277 405
363 267 408
362 267 406
359 273 399
361 279 410
346 292 402
341 301 397
327 312 385
319 312 379
315 314 375
304 307 376
295 324 367
289 326 372
279 318 368
280 347 356
275 367 344
284 329 353
293 321 357
296 305 363
300 312 361
313 303 381
324 294 387
336 295 399
337 295 403
357 307 407
328 302 410
350 299 417
347 296 421
355 302 428
348 306 409
343 319 410
355 327 406
340 329 435
335 309 469
357 298 421
361 285 410
353 292 413
352 289 424
