300 311 399
299 310 399
301 311 400
302 312 402
301 312 400
299 312 398
303 314 398
302 313 399
301 313 398
302 312 399
302 312 398
302 312 398
301 312 399
300 312 399
300 312 399
301 312 399
299 311 399
299 308 400
293 301 402
294 296 403
288 285 406
291 275 400
291 267 384
306 274 367
317 289 341
315 292 334
323 303 322
325 300 313
329 308 305
343 323 293
338 325 284
348 336 282
347 340 280
352 345 282
350 340 283
349 338 282
342 331 290
339 330 293
331 317 306
318 300 310
305 283 324
306 282 331
303 281 339
299 284 356
300 286 370
291 284 385
294 289 394
293 289 395
295 295 402
296 296 404
296 298 401
288 287 401
292 286 404
290 280 403
294 278 393
300 279 378
301 282 364
313 289 349
313 288 337
315 292 324
324 304 311
326 307 301
353 333 288
352 342 283
358 353 280
352 337 284
353 336 282
347 328 283
342 327 286
337 320 291
325 312 299
318 300 309
314 291 316
300 278 329
313 285 335
288 273 352
305 278 359
290 277 363
299 284 373
298 286 380
294 286 387
302 294 391
297 294 394
297 299 397
294 299 400
292 290 400
290 281 400
292 276 397
295 274 390
296 275 376
301 278 364
312 288 347
311 290 334
321 302 320
320 299 310
323 307 303
331 309 294
342 328 288
343 332 278
358 351 279
354 345 282
350 338 285
350 334 283
347 329 288
336 321 295
321 307 300
317 294 307
311 290 313
307 283 321
301 278 332
301 281 339
300 282 346
296 281 358
300 287 367
293 287 376
296 294 382
299 298 393
292 301 401
287 294 406
292 288 403
284 282 404
284 279 407
292 279 408
294 276 388
303 285 365
305 287 349
313 295 341
317 297 324
320 303 312
326 314 303
345 332 289
354 346 282
362 352 284
354 340 286
350 332 283
347 328 283
340 329 291
332 323 301
317 301 315
315 297 325
288 282 338
317 292 358
267 270 380
310 285 385
281 279 383
296 294 389
288 299 397
288 300 406
295 300 404
289 288 404
290 287 406
290 281 406
291 274 402
297 279 384
294 278 368
312 294 342
311 297 331
323 305 321
326 312 312
331 320 300
340 332 291
354 352 281
358 355 280
358 353 280
349 339 279
348 339 287
333 325 297
337 322 306
295 289 314
317 298 316
284 282 324
312 294 335
283 279 352
304 295 368
291 288 378
281 282 390
302 294 393
283 288 401
294 295 400
288 286 401
287 282 401
286 278 405
296 276 396
295 275 376
293 279 366
309 288 346
306 289 338
319 299 322
318 305 312
332 317 302
340 331 291
349 349 284
355 358 283
355 353 286
352 343 283
346 335 288
337 329 294
326 319 299
322 307 305
308 296 317
306 287 322
304 282 336
296 282 349
288 274 366
307 295 375
288 284 393
296 288 398
286 288 396
292 290 399
290 284 398
288 281 398
292 281 399
292 274 396
295 271 386
296 273 367
311 290 347
310 296 333
322 305 317
328 313 307
336 327 301
335 333 294
351 355 285
349 356 280
347 353 281
345 343 280
340 338 291
334 324 297
319 316 304
317 305 310
297 296 317
302 286 333
286 281 355
308 288 367
279 282 381
304 299 390
287 296 403
281 297 408
280 296 399
284 288 401
284 291 398
281 284 405
291 283 405
288 275 395
298 278 375
293 281 354
315 296 338
315 301 322
317 311 309
329 320 304
331 329 297
345 347 288
349 359 283
350 356 284
351 352 278
345 344 282
335 335 293
330 324 294
321 312 302
311 304 305
308 297 316
300 286 330
304 293 338
286 279 354
301 285 368
289 285 375
297 296 394
293 299 404
286 294 404
292 290 402
286 285 400
289 289 404
292 284 409
295 280 405
294 275 396
306 282 371
299 280 354
314 296 340
311 299 323
326 311 307
325 315 299
338 328 296
341 337 286
355 350 283
357 357 282
355 352 281
352 348 280
345 337 289
335 333 296
325 318 302
318 304 315
303 292 319
307 282 328
300 284 335
300 284 350
292 281 363
303 289 376
288 283 393
301 291 399
286 285 399
297 290 397
294 288 401
293 286 405
295 282 404
293 279 401
294 276 391
302 277 369
296 275 356
314 288 340
309 289 325
323 303 315
324 310 306
333 320 305
345 343 292
355 361 283
354 361 284
359 357 280
353 345 282
346 339 291
338 324 295
307 305 316
302 295 336
286 293 331
289 288 357
295 293 353
292 293 362
289 296 389
301 308 403
285 307 408
290 305 405
289 299 403
291 303 400
292 308 402
297 310 403
299 311 402
301 313 402
302 316 404
302 317 401
300 315 400
301 317 399
298 315 398
297 314 398
293 310 397
293 305 398
289 302 396
