330 270 336
329 271 337
330 271 336
330 270 336
331 269 335
330 271 336
331 269 336
332 271 336
331 271 336
331 270 336
330 271 337
331 271 336
329 271 336
330 270 336
330 271 336
330 272 336
329 270 336
329 271 336
328 269 336
334 266 335
337 264 336
349 254 327
339 254 333
354 256 326
361 256 329
358 267 331
374 263 327
367 277 332
381 279 331
385 288 335
385 296 335
376 305 347
393 303 344
400 299 344
394 314 353
394 316 360
395 320 362
392 324 367
383 339 370
378 354 375
374 364 374
377 371 380
393 327 366
408 319 357
398 328 363
395 334 357
386 327 364
395 318 353
386 308 352
380 308 351
384 280 341
375 287 341
383 277 337
377 276 335
346 284 349
379 260 325
332 274 339
365 235 323
333 262 334
344 264 334
323 258 339
337 264 339
326 266 342
327 262 336
321 269 339
317 274 344
325 267 337
323 266 335
315 277 345
331 269 336
313 267 340
315 273 342
323 262 337
332 259 332
329 249 332
323 261 334
335 245 332
345 249 327
348 259 328
355 258 329
370 252 323
346 271 331
375 280 334
355 289 343
383 289 338
371 305 354
395 294 347
394 308 354
381 327 365
356 363 383
378 369 378
392 360 373
394 334 365
403 324 367
400 336 366
406 340 367
402 338 360
388 338 364
393 328 353
381 327 360
374 322 357
402 275 327
340 327 362
398 263 327
361 281 344
367 276 340
382 235 325
332 298 356
371 250 328
334 282 350
353 250 338
338 256 334
336 264 336
332 267 344
334 272 343
328 267 334
329 270 335
320 270 341
318 264 343
314 267 334
319 268 338
320 265 338
301 268 345
321 265 338
319 267 339
318 270 339
312 275 342
317 273 337
311 274 342
321 266 340
327 255 337
336 247 331
338 249 328
349 242 326
347 250 329
349 254 335
362 248 327
373 261 327
363 272 333
358 294 340
383 301 340
388 298 342
373 303 347
374 334 364
342 401 386
363 392 378
403 340 352
397 344 362
394 340 366
383 352 371
389 347 357
388 314 347
401 284 343
398 274 337
365 324 360
405 259 320
362 312 353
360 262 337
353 298 343
389 242 310
339 286 341
365 248 319
338 275 333
327 264 338
329 283 338
327 271 338
330 263 334
330 268 333
325 268 336
322 273 336
325 276 335
313 266 337
321 266 328
320 266 333
310 273 339
317 265 335
315 264 336
320 253 329
326 248 321
326 250 323
341 245 321
338 260 327
349 260 328
363 252 319
360 274 330
366 283 330
380 277 330
367 299 342
369 301 338
378 321 354
398 305 343
392 322 349
362 373 371
356 406 383
390 365 366
412 323 346
403 331 357
389 354 364
375 352 360
390 321 349
390 301 349
381 290 345
377 293 339
364 281 334
363 288 337
379 258 319
332 286 339
350 261 330
315 278 345
331 254 333
322 255 333
322 257 334
319 256 337
325 250 329
314 264 340
311 273 346
316 263 342
308 269 341
318 268 332
307 274 340
318 268 331
317 260 335
327 250 327
316 247 334
334 248 331
325 252 334
358 247 323
342 260 330
354 274 332
379 269 322
351 291 338
376 279 331
373 301 344
388 295 344
386 316 351
381 314 345
357 379 377
368 391 374
388 358 359
405 307 337
402 322 349
383 346 367
393 322 344
379 314 351
389 285 344
372 301 342
377 297 335
353 263 332
350 288 351
378 242 317
343 273 341
355 246 323
338 268 338
333 266 336
315 266 341
322 257 334
331 252 325
329 263 330
313 268 339
313 264 338
312 270 335
318 267 333
306 273 339
318 271 333
309 266 339
319 261 333
317 249 334
329 246 331
327 260 333
339 252 326
348 256 326
342 264 330
360 266 327
363 260 322
360 280 334
371 287 335
355 312 350
379 304 343
385 299 345
397 305 341
384 329 358
361 385 367
373 396 368
398 339 346
395 328 353
399 328 356
385 355 360
385 323 349
384 316 348
385 293 341
357 299 355
389 278 335
382 273 328
371 283 341
373 255 328
349 280 342
364 248 323
328 274 342
363 242 317
323 258 336
321 258 341
329 241 320
339 238 328
325 266 341
330 261 338
320 267 339
318 271 337
316 277 338
313 279 341
318 275 341
317 274 342
319 273 341
318 272 341
318 272 341
315 274 343
317 274 341
317 273 340
316 273 341
317 273 341
318 272 341
316 273 342
321 271 339
315 273 342
318 273 340
317 272 341
319 271 341
317 272 343
317 272 343
318 272 342
