295 389 338
296 389 338
295 389 338
295 389 337
296 390 338
295 389 337
295 389 337
295 389 337
295 389 338
295 389 337
295 389 337
295 389 338
295 389 337
295 389 338
295 389 338
295 389 338
296 389 338
295 389 337
295 389 338
294 389 338
295 389 337
295 389 338
295 389 338
295 388 338
295 389 338
292 388 338
288 385 337
289 388 340
283 377 347
297 374 345
281 364 341
275 360 331
274 347 333
270 334 339
284 328 344
287 317 351
293 310 365
291 308 373
287 308 382
287 311 391
284 310 397
284 311 402
287 311 400
287 306 401
287 307 404
289 304 405
291 303 407
292 299 408
292 292 403
289 283 392
291 281 376
301 283 359
307 292 341
305 294 325
315 301 313
315 305 308
325 317 301
334 330 291
337 338 286
338 344 283
341 343 285
337 334 285
337 332 284
332 327 286
329 325 288
317 312 297
306 301 309
303 290 321
305 290 336
291 284 346
303 284 364
292 288 371
295 288 378
290 298 384
291 300 397
296 304 403
293 306 403
295 308 400
298 309 401
299 310 406
294 308 406
298 309 406
293 303 408
295 300 409
293 293 404
290 289 397
292 286 389
294 285 376
296 285 367
300 285 354
309 288 336
308 291 324
314 299 318
315 299 309
324 308 303
327 313 296
341 333 291
336 330 288
333 332 286
349 343 285
353 352 278
354 350 281
353 346 280
351 346 285
339 334 288
340 336 291
331 322 292
315 304 305
314 301 317
304 293 320
297 279 339
300 288 345
295 283 362
296 292 369
291 290 382
299 301 392
295 301 405
297 307 411
293 305 412
298 307 409
289 299 409
284 296 411
287 293 413
286 288 414
292 287 409
294 282 395
303 286 373
298 288 356
310 294 341
312 297 325
317 308 314
323 315 302
328 316 298
335 329 292
331 330 288
346 341 285
348 347 282
350 348 282
346 341 284
341 336 289
337 328 293
325 319 297
313 306 307
300 290 318
302 294 329
296 284 339
300 290 347
293 288 359
301 300 376
283 294 402
302 308 412
290 303 410
290 304 405
291 304 405
294 304 406
298 307 409
295 306 410
296 304 409
294 299 410
292 291 407
289 281 396
293 280 381
297 282 361
303 289 346
310 295 332
308 301 322
322 314 311
321 318 305
332 330 298
330 335 292
343 347 285
349 352 283
351 355 283
348 344 281
343 341 289
338 335 284
329 325 297
318 308 300
321 305 310
301 286 326
301 286 338
298 284 346
295 279 358
296 286 369
299 286 381
295 295 391
300 304 406
296 307 414
293 303 411
299 304 409
294 299 408
292 301 410
292 299 414
296 295 412
294 288 407
290 281 396
294 277 383
302 284 361
306 292 339
312 297 325
317 306 316
325 313 309
331 326 303
331 328 294
341 340 289
339 339 284
350 356 282
347 354 281
345 348 278
342 346 283
333 333 287
331 326 297
329 311 297
317 307 310
313 291 318
307 294 330
293 277 343
310 288 351
285 279 370
305 291 378
300 294 392
299 301 405
290 304 416
289 302 411
294 301 408
292 299 406
290 299 409
294 299 412
293 294 411
294 287 407
292 280 399
297 278 379
303 287 352
308 291 332
306 294 324
315 301 319
327 313 312
333 325 304
335 337 295
343 349 286
342 347 283
346 353 283
345 347 279
341 344 289
335 332 286
323 322 309
317 303 308
306 295 316
312 288 326
294 281 334
303 278 348
295 286 367
295 285 382
300 288 390
295 298 406
295 297 406
293 296 405
293 299 409
292 299 408
292 294 409
293 288 411
290 281 412
293 276 397
297 279 378
300 286 353
303 289 342
313 294 331
321 307 319
322 312 310
338 330 299
333 332 290
344 346 284
343 355 283
350 353 284
345 340 281
345 342 287
337 329 285
335 327 296
328 310 297
311 302 320
312 288 325
297 281 345
303 281 352
306 286 363
295 284 376
295 286 381
296 295 392
300 303 408
294 305 415
295 303 412
293 295 409
290 294 410
293 294 411
289 289 415
296 284 407
292 276 392
300 281 371
304 286 347
310 293 336
313 297 323
323 309 315
327 318 306
333 329 298
337 341 291
340 349 285
347 357 284
343 349 282
342 343 285
332 332 289
334 328 298
307 303 309
315 306 323
300 288 331
301 280 347
303 286 355
296 283 370
292 288 380
286 292 399
300 306 410
282 303 417
292 305 411
288 300 409
288 297 408
288 298 409
291 297 409
291 288 409
294 282 396
294 281 379
302 288 356
308 288 335
305 294 329
308 296 324
317 304 316
322 313 307
324 323 298
334 335 290
337 343 284
349 355 281
343 353 285
342 348 283
342 346 286
328 329 290
332 329 301
314 308 304
304 297 321
312 290 321
287 278 338
311 289 338
285 278 358
300 288 370
293 288 378
294 295 391
296 302 404
292 307 412
295 309 409
294 305 406
284 299 406
292 303 406
288 299 409
293 295 408
288 285 404
295 281 390
295 278 378
299 283 362
300 284 345
312 294 330
310 299 320
324 311 310
324 318 302
335 331 296
336 340 291
344 348 284
342 350 282
344 351 281
344 343 279
340 340 286
332 334 293
322 325 303
316 312 315
293 298 324
294 283 347
315 292 351
280 274 370
298 291 375
281 293 393
292 305 399
286 304 407
291 304 404
294 304 404
295 304 400
300 310 402
301 312 398
301 312 400
304 315 401
304 315 402
305 318 402
303 317 402
304 318 402
304 318 402
301 317 404
303 319 404
302 318 403
302 318 403
301 318 403
300 317 402
300 318 404
300 317 403
