301 309 398
304 311 400
303 311 398
301 311 398
301 312 397
303 312 399
302 312 399
302 312 399
302 312 400
303 312 400
302 312 401
302 312 400
303 313 400
302 312 399
303 313 400
302 313 400
302 312 400
299 309 399
297 305 400
292 298 407
294 293 410
286 274 403
293 270 385
298 275 364
304 281 354
312 288 340
318 298 323
321 304 311
335 329 300
335 329 296
349 346 290
345 346 287
349 350 290
348 342 287
347 340 287
343 334 289
329 317 295
314 298 317
296 279 332
323 290 347
286 277 363
311 295 381
285 290 404
298 303 416
291 297 407
298 289 401
281 277 404
289 281 407
292 278 411
296 280 409
298 278 401
298 277 385
306 284 362
315 293 339
321 297 325
327 310 312
334 322 302
343 338 296
355 350 289
355 356 286
358 355 289
355 347 284
351 342 286
337 333 296
339 322 295
319 301 301
316 297 312
297 278 328
301 283 350
299 283 365
301 288 379
298 289 394
287 291 400
287 293 404
289 291 401
284 278 400
284 279 402
293 281 402
290 276 394
293 278 380
303 282 364
304 285 350
318 296 332
311 295 321
335 317 306
329 324 300
349 351 291
350 360 286
358 366 286
354 362 293
349 352 291
346 348 292
337 339 291
332 331 299
317 310 304
301 287 331
299 288 336
314 288 363
294 295 389
304 301 423
276 292 422
298 298 405
275 271 406
277 278 401
286 283 410
294 281 412
288 272 409
294 274 392
305 284 367
315 294 343
314 302 330
330 322 310
329 328 306
348 347 297
350 356 290
361 364 286
356 355 284
356 348 281
346 340 291
335 331 297
323 316 308
312 297 318
296 287 333
310 289 343
275 274 375
316 298 388
281 290 402
292 296 406
280 285 405
283 282 402
281 277 400
285 279 408
293 278 408
289 272 404
296 272 384
305 281 355
323 298 333
314 300 326
328 322 313
332 334 304
347 348 296
353 355 290
358 357 286
361 351 280
355 345 282
347 334 293
339 330 296
326 313 319
294 297 331
298 285 353
283 283 367
298 294 376
288 297 400
298 305 417
252 243 369
317 273 417
309 290 412
263 265 408
298 279 412
297 274 407
291 270 391
309 291 356
316 307 332
319 314 322
330 325 311
338 336 305
348 348 292
354 359 284
362 362 279
359 356 279
353 349 290
343 340 301
338 332 305
320 302 330
288 287 341
312 285 352
260 267 367
320 289 380
278 287 390
285 296 406
272 291 407
293 283 404
272 273 400
288 278 405
282 271 407
296 274 397
301 278 370
300 290 342
311 300 329
314 307 320
332 327 315
339 339 305
349 352 294
356 364 287
357 365 284
359 359 279
353 350 283
347 343 296
338 331 299
320 301 323
286 287 335
297 290 335
284 285 345
288 296 359
278 290 387
291 294 395
286 292 397
274 278 396
275 270 395
278 269 399
283 265 400
288 269 388
294 278 367
308 296 343
308 301 333
330 323 320
327 324 313
347 347 302
347 358 288
360 369 281
354 355 277
354 352 284
340 339 295
340 335 300
317 312 316
301 296 341
299 287 355
284 278 371
292 286 380
281 282 394
279 282 396
272 280 398
278 277 396
276 270 397
286 273 396
290 269 389
293 276 378
308 284 353
302 291 344
327 312 323
316 318 313
340 340 302
342 347 291
353 359 284
355 355 278
353 349 277
348 342 285
339 332 293
330 316 309
295 290 330
312 291 344
292 280 356
300 283 372
284 280 384
296 293 392
274 283 403
288 289 400
282 281 397
284 280 396
285 282 399
291 281 400
292 277 392
296 276 377
306 282 355
305 287 338
315 298 322
317 304 312
327 318 304
334 323 297
342 337 293
349 352 283
352 359 284
357 360 285
354 349 279
347 345 290
333 337 293
328 326 302
311 308 310
290 284 323
319 297 328
276 268 360
323 299 369
276 280 388
297 295 403
288 292 403
295 293 397
292 296 396
297 304 396
300 308 399
301 307 399
304 309 401
303 309 400
307 311 404
305 314 406
304 311 404
302 310 401
302 312 402
297 310 399
296 306 399
293 303 396
292 300 395
