353 276 367
353 275 368
354 275 367
355 274 367
354 274 367
353 275 367
353 276 367
354 276 367
353 275 367
353 272 368
352 272 367
353 273 366
354 275 366
353 276 367
352 275 369
351 274 369
351 275 368
351 276 369
352 276 369
353 276 369
353 275 369
354 276 368
352 273 367
352 273 369
352 272 369
352 275 369
352 276 368
352 275 368
351 273 369
350 272 367
352 276 369
352 279 371
353 276 368
354 273 368
352 274 367
352 272 366
352 273 368
355 272 368
357 271 369
357 272 370
356 272 369
354 268 370
355 270 372
357 267 374
355 276 378
357 275 382
356 283 385
360 284 388
354 291 392
355 297 394
354 300 396
354 297 399
354 307 401
352 310 404
351 315 404
353 324 406
353 321 408
350 326 408
354 325 411
351 334 413
350 339 412
352 335 415
350 346 414
349 337 416
355 341 413
350 339 410
352 340 410
352 341 409
352 332 409
354 329 407
352 318 409
353 315 404
350 297 403
354 302 402
353 305 401
356 297 398
352 293 393
353 281 393
355 289 389
363 282 386
359 282 381
363 272 380
361 277 378
360 282 379
360 288 374
361 274 370
359 279 370
361 275 369
364 274 363
362 277 361
363 276 359
360 276 355
361 276 351
356 275 350
362 274 345
357 278 347
363 274 342
360 271 336
361 264 332
361 261 327
359 269 336
361 273 337
358 276 335
357 279 335
354 278 332
354 268 330
352 268 332
352 266 333
353 267 333
354 269 334
355 269 335
354 269 340
360 270 342
360 270 345
361 272 347
359 273 349
364 271 349
361 272 356
362 272 361
362 272 367
361 274 368
360 272 371
357 278 375
356 283 380
356 286 384
357 287 385
353 291 389
352 293 392
352 295 394
351 305 398
351 307 402
350 309 402
350 316 403
353 319 408
353 323 408
354 320 409
353 319 409
352 326 414
350 326 416
350 324 413
351 324 412
350 327 414
351 321 413
349 332 416
347 336 414
349 333 412
350 335 407
349 336 402
347 330 404
353 308 399
351 305 401
357 290 399
346 304 396
355 286 394
349 305 386
358 278 377
355 290 376
364 271 366
362 265 365
367 265 358
357 271 359
360 273 354
369 280 353
366 276 350
366 270 341
364 271 342
359 276 341
359 273 337
357 276 333
356 278 333
358 272 325
353 269 320
355 271 320
355 271 322
355 275 321
355 275 322
353 277 319
353 276 318
353 278 320
354 278 320
354 273 317
354 271 316
355 267 315
352 268 319
357 269 321
358 273 328
360 275 333
363 274 338
365 272 343
367 270 348
367 269 352
368 270 356
364 270 360
362 278 366
358 282 372
358 287 377
357 290 381
358 287 386
359 293 391
354 300 396
355 301 398
354 309 400
354 310 403
353 313 403
350 321 404
350 330 408
351 324 413
354 338 408
356 333 412
354 336 411
352 338 411
351 338 410
351 334 408
352 331 406
352 333 407
354 321 404
347 311 404
348 302 404
348 291 397
347 295 397
350 282 392
349 290 390
354 283 385
352 291 385
357 273 373
352 276 371
355 269 365
355 270 360
356 271 358
353 284 359
354 263 352
362 272 343
366 271 344
354 269 340
356 266 336
350 272 335
354 270 330
351 274 330
354 274 328
351 275 324
352 273 322
351 274 322
351 275 323
352 272 318
349 270 317
348 273 317
349 266 314
348 276 323
350 274 316
346 272 318
347 272 321
346 270 319
350 271 326
351 271 330
354 274 333
355 272 338
356 273 340
355 270 343
355 273 347
359 271 351
362 272 354
359 273 360
361 271 361
358 271 362
355 274 366
357 275 368
355 277 372
356 279 375
354 283 381
352 286 384
355 288 388
352 295 390
353 297 396
352 297 396
351 300 399
349 306 404
351 314 405
351 316 402
353 322 407
348 327 410
353 334 407
353 338 410
355 336 409
356 332 407
352 328 407
355 319 400
349 310 402
353 298 394
346 294 394
352 289 390
347 293 388
352 284 378
348 289 376
359 277 364
355 270 356
361 256 348
358 260 346
365 261 345
360 274 347
361 275 340
355 279 336
351 276 327
352 273 320
352 271 316
351 273 316
350 276 318
353 278 317
351 278 315
352 277 310
347 277 309
349 276 308
347 276 309
348 276 308
349 278 310
351 279 310
350 278 310
350 278 313
352 278 314
352 276 315
353 274 319
352 275 324
355 273 325
350 268 330
357 269 330
354 270 336
363 275 341
368 271 344
366 271 344
360 270 351
359 278 357
356 280 360
356 282 367
355 282 369
356 276 368
354 281 376
355 283 378
354 288 381
355 288 382
357 290 383
357 286 386
355 290 388
356 287 387
358 288 389
356 289 390
358 289 390
355 290 391
356 291 392
357 289 391
356 288 392
355 288 393
358 288 393
358 288 393
355 292 395
354 295 397
354 293 396
355 295 399
355 296 397
355 293 398
354 299 401
357 297 401
355 302 402
356 302 401
354 304 404
353 314 406
357 307 406
355 307 405
354 308 408
353 314 410
355 317 408
352 315 410
354 319 407
354 325 414
354 329 413
354 320 412
352 323 411
350 336 409
352 332 408
351 331 404
354 327 407
350 325 405
351 293 399
353 306 399
349 293 398
357 281 391
349 290 388
356 287 388
348 289 383
354 279 375
349 289 369
365 270 366
360 283 369
366 277 361
364 266 353
359 271 352
360 273 352
361 267 335
356 266 341
353 280 338
360 274 328
356 272 322
356 270 320
357 265 319
354 275 319
355 275 313
353 276 312
354 282 311
356 280 308
354 279 306
355 279 309
355 279 309
355 277 309
354 274 308
354 273 310
354 273 315
350 275 323
355 274 325
354 272 331
353 269 335
356 269 339
357 269 342
356 267 345
358 267 350
359 271 355
359 275 362
358 276 367
359 281 370
360 284 374
360 286 379
360 289 382
362 291 386
361 293 389
360 296 395
359 304 397
357 313 399
361 310 404
353 321 405
357 315 407
353 318 405
352 325 410
356 327 410
350 326 412
352 329 407
356 319 405
357 322 406
355 327 407
356 320 400
353 304 402
357 305 402
354 297 399
361 295 397
356 296 392
360 286 386
360 283 378
359 279 379
360 286 378
363 276 373
358 285 371
366 273 358
362 278 360
365 273 354
364 276 354
364 268 344
360 270 345
360 273 344
360 269 336
356 275 337
357 274 331
357 271 325
356 275 325
356 276 323
359 273 317
356 276 320
358 279 319
357 277 317
359 275 314
358 276 315
357 280 317
355 281 320
353 281 318
353 279 319
353 277 316
352 276 317
353 273 317
352 271 318
352 273 316
349 273 322
353 274 325
351 279 331
354 278 332
351 275 329
351 272 331
351 270 332
348 271 335
352 271 337
351 270 339
352 270 341
351 270 343
352 269 345
353 273 348
352 272 349
352 272 350
353 273 354
355 272 355
355 270 355
355 269 357
355 270 361
354 271 364
353 275 367
353 276 369
353 279 370
356 276 371
354 276 373
354 275 375
354 279 379
354 281 381
354 284 382
353 284 385
352 288 387
354 290 391
355 290 393
356 291 396
356 293 397
358 297 399
358 301 400
357 301 402
360 310 401
356 305 404
354 311 406
352 313 408
354 317 408
354 317 408
355 319 411
354 323 410
351 328 411
352 333 413
353 334 413
353 326 413
353 336 414
349 341 417
350 338 414
353 335 415
353 341 414
353 341 412
353 340 409
352 338 411
356 326 414
351 330 416
355 319 414
350 327 411
354 319 408
351 317 407
353 308 403
349 301 404
353 296 404
354 294 403
352 304 403
357 291 395
351 291 393
355 288 393
352 293 392
354 287 386
354 289 387
353 286 380
355 285 381
356 279 373
363 268 373
354 276 378
356 274 372
353 275 371
353 274 368
351 273 365
351 270 363
348 276 362
351 275 363
356 283 360
366 273 350
362 271 350
359 265 347
358 264 344
354 276 349
357 278 345
352 275 337
349 274 339
353 273 336
354 268 334
355 265 330
354 268 328
355 271 327
354 272 327
354 272 324
352 272 326
352 273 329
350 271 329
352 269 327
351 270 331
354 269 331
352 269 334
352 267 336
352 269 340
353 269 343
354 272 347
354 272 349
355 273 350
354 274 355
357 273 357
355 274 363
355 274 366
355 274 370
353 275 371
353 275 374
355 277 377
353 280 379
353 282 383
354 288 386
354 289 388
353 293 392
351 292 394
351 298 396
353 296 398
355 299 398
353 301 400
353 303 402
352 310 405
354 310 408
351 318 410
353 317 410
351 319 409
352 327 411
354 334 412
358 323 410
353 327 413
353 329 413
351 333 414
353 326 411
354 330 410
352 328 410
352 323 408
352 319 406
350 315 404
353 307 401
349 300 399
352 295 393
348 293 393
352 282 389
354 285 384
354 293 386
357 286 374
355 277 367
358 265 359
355 268 365
355 274 366
363 270 353
361 272 353
362 270 345
356 270 343
357 264 340
354 273 338
354 267 336
354 276 333
353 273 329
352 268 326
353 265 327
352 270 329
351 277 330
