325 270 320
325 271 322
326 270 320
326 271 321
325 271 321
325 270 321
326 270 320
325 271 321
326 270 321
325 271 321
325 271 321
326 270 320
326 269 319
325 271 322
326 271 321
326 270 320
326 272 321
326 271 320
325 269 320
325 271 321
326 270 321
325 271 321
325 270 321
324 269 320
325 268 320
323 266 320
326 265 318
325 267 321
328 266 323
320 274 315
329 277 327
333 283 330
335 291 336
339 281 327
331 286 331
328 289 321
332 260 299
320 279 322
330 258 291
316 269 304
322 274 305
319 256 282
321 260 286
330 254 286
331 261 290
332 261 292
327 257 295
332 280 314
324 275 316
330 282 331
339 295 351
335 283 352
339 273 356
345 293 372
350 288 374
343 303 381
343 309 392
342 316 402
345 311 401
340 296 394
344 305 401
340 306 401
344 287 386
341 290 391
343 305 397
344 313 400
344 318 398
347 336 409
349 338 411
340 336 410
339 355 418
337 349 404
346 349 406
337 328 394
352 328 394
350 300 370
356 334 393
336 288 359
329 292 359
353 269 340
329 257 328
349 283 332
328 253 313
336 247 297
324 263 312
326 292 318
337 187 243
329 280 300
324 291 307
330 284 293
334 284 290
310 296 308
330 281 287
322 298 299
327 296 293
316 306 298
327 291 281
319 298 291
320 285 283
320 278 278
321 274 275
324 268 268
323 268 269
329 262 267
322 265 279
329 278 287
324 272 293
327 290 318
328 281 328
326 289 347
341 303 359
333 299 364
335 326 381
340 345 393
350 358 405
333 341 408
344 350 411
360 364 410
345 332 400
340 344 401
340 329 400
352 329 383
339 346 402
348 299 351
325 327 376
346 246 314
341 290 346
336 262 323
336 289 327
329 248 296
323 262 304
316 266 300
337 237 274
341 225 267
318 298 312
305 309 312
321 275 276
326 280 284
318 289 296
321 270 280
329 247 264
316 262 281
324 241 263
324 253 273
318 272 290
326 256 283
321 287 309
336 289 314
332 314 348
344 304 350
338 311 376
348 312 372
337 348 391
342 392 411
367 399 406
353 356 408
349 327 386
352 351 402
334 320 388
341 309 387
351 308 370
335 295 376
341 292 358
347 285 346
329 284 343
335 281 318
325 291 322
309 250 288
325 244 294
330 278 311
342 232 262
335 274 288
327 299 302
322 292 290
321 289 288
327 278 285
328 260 276
328 259 276
330 270 282
326 258 276
331 273 287
320 266 293
333 277 302
335 267 302
328 279 327
340 278 324
332 305 361
347 299 358
356 302 367
336 291 377
343 312 371
337 367 405
369 392 415
364 355 403
358 312 387
354 325 392
352 324 395
345 307 378
342 321 393
346 261 354
345 302 387
364 250 336
350 288 366
339 305 371
340 268 339
336 282 346
352 249 311
338 274 333
337 270 319
330 275 318
343 269 304
313 282 317
326 275 298
338 261 278
337 272 294
325 271 290
324 277 290
327 282 296
327 277 291
332 280 292
328 285 299
324 287 301
333 290 302
332 294 306
324 297 311
329 286 303
329 283 304
330 279 302
329 282 303
332 282 302
332 284 303
333 289 305
332 288 306
334 287 305
331 280 302
332 283 304
328 282 305
328 284 306
330 282 304
333 285 305
332 284 305
331 286 306
332 285 304
329 284 305
331 283 305
329 282 306
331 283 305
329 283 306
330 284 306
329 284 306
333 283 304
332 285 305
332 284 305
331 284 305
330 283 305
329 283 307
328 283 307
329 284 306
331 284 306
330 284 306
330 285 307
331 285 306
331 285 305
333 283 303
329 283 306
331 283 305
330 285 306
331 283 305
329 283 306
328 282 306
329 284 307
331 286 307
332 285 304
332 284 305
329 282 305
329 282 305
330 284 305
330 284 306
331 285 306
330 283 304
331 284 306
329 283 306
330 285 306
329 282 305
330 285 306
331 285 306
330 284 306
330 283 306
332 285 306
331 285 306
332 284 305
329 282 306
330 284 306
328 285 307
329 284 306
331 285 306
330 283 305
329 285 307
327 283 307
329 284 306
330 284 306
331 284 305
331 286 306
333 284 303
328 282 305
330 283 306
329 284 304
330 283 304
327 282 306
328 283 306
328 284 306
331 286 306
331 285 305
331 286 306
329 284 306
328 283 306
327 283 306
