290 375 320
290 375 319
290 375 321
289 374 320
289 375 321
289 375 320
290 376 321
289 375 321
289 375 320
290 376 320
290 376 320
290 375 321
290 375 320
290 375 320
290 376 321
289 375 320
290 375 320
290 375 320
290 375 320
289 375 320
290 376 320
289 376 319
289 375 320
290 375 320
290 375 320
289 375 320
290 376 320
290 375 320
290 376 320
290 376 320
289 376 320
290 376 320
290 376 320
289 375 320
290 375 321
290 375 321
289 374 321
289 375 321
289 374 320
289 376 320
291 376 320
285 376 320
290 377 321
295 373 321
283 375 322
273 371 321
289 377 320
292 377 312
299 373 304
303 368 290
314 361 281
322 359 277
331 355 270
330 353 260
337 347 258
338 344 258
344 343 257
342 341 266
337 340 269
341 339 283
341 341 289
345 337 291
351 342 296
337 341 303
344 344 308
334 348 316
342 350 310
345 349 305
336 356 306
340 350 312
350 346 306
352 348 292
349 342 288
361 347 290
348 342 268
362 349 277
351 347 274
355 348 276
342 343 267
349 341 271
345 335 260
350 334 256
356 336 247
351 342 242
351 339 244
357 337 249
334 339 254
348 336 264
342 334 273
354 339 285
351 342 296
358 341 298
353 344 306
347 345 310
348 348 317
335 345 318
358 349 310
346 350 299
340 352 301
355 355 295
349 357 300
354 354 294
352 343 287
354 348 285
357 344 270
358 350 271
354 345 276
348 345 277
346 333 278
359 334 272
348 330 256
363 339 245
356 344 248
348 336 256
356 337 259
346 337 265
346 335 269
340 338 271
340 338 279
335 341 285
332 340 285
343 345 280
324 343 284
324 349 298
330 348 305
329 348 312
328 341 308
339 343 302
334 347 302
338 350 303
339 348 295
335 347 293
353 348 293
346 339 282
347 343 283
340 333 275
335 333 271
327 332 281
325 325 272
328 324 269
327 327 273
336 325 258
343 319 248
356 318 241
353 318 236
353 321 237
348 316 249
333 322 271
344 329 284
339 331 295
344 339 298
335 341 302
334 346 312
336 346 319
330 349 310
340 345 305
338 350 296
335 352 294
322 347 304
344 350 295
329 343 303
342 342 279
339 335 273
346 335 287
338 341 279
344 337 277
340 335 278
328 334 284
324 336 276
322 334 247
323 339 216
359 343 221
332 338 239
332 337 251
340 338 247
331 337 257
333 342 269
332 338 274
336 341 290
334 343 303
335 347 308
332 348 317
344 350 316
334 345 312
347 350 309
342 361 303
335 355 307
335 357 306
340 359 302
334 351 290
363 348 289
342 341 265
366 345 280
349 342 277
342 344 276
347 343 277
347 344 273
344 342 269
346 348 256
347 349 249
353 344 234
348 337 235
353 337 241
346 339 249
342 335 265
345 334 276
337 334 281
349 338 290
349 343 287
332 350 310
337 350 321
341 351 327
348 345 318
349 353 312
345 354 308
338 355 311
359 355 289
346 353 298
355 349 291
351 344 283
346 345 283
344 342 277
342 346 261
339 345 264
339 341 261
342 343 249
353 345 241
372 354 239
350 343 246
352 342 250
349 341 253
345 337 263
346 336 275
342 338 281
340 338 292
340 342 303
341 342 306
343 351 307
335 359 316
335 352 313
344 355 308
337 359 301
335 353 306
338 355 293
336 351 302
357 351 285
351 340 285
353 342 283
350 336 278
349 342 283
341 341 276
343 345 267
344 343 266
354 346 253
359 350 245
351 351 243
342 345 245
343 341 247
341 344 250
340 340 263
344 340 276
338 337 282
344 341 286
361 343 289
356 339 284
348 344 300
354 346 302
351 344 305
340 353 308
341 349 313
352 357 308
344 359 305
345 354 303
349 353 299
350 361 302
354 351 290
351 353 289
358 347 275
362 346 288
356 341 281
346 343 276
336 341 267
340 345 260
336 339 256
349 345 254
359 341 244
353 341 245
350 340 248
352 341 249
345 342 256
347 339 267
350 341 276
349 341 288
351 344 293
348 347 298
350 343 297
351 341 294
343 348 302
339 347 307
342 349 309
341 352 311
338 351 305
345 352 300
352 355 298
348 356 294
363 351 279
356 350 288
367 351 285
357 348 282
354 351 280
348 351 278
339 340 273
336 343 274
351 346 259
353 347 241
363 342 234
349 340 246
348 339 256
353 339 262
346 343 268
350 339 275
352 340 283
355 341 293
348 340 299
356 343 295
360 343 286
350 345 292
329 352 320
347 348 325
351 353 315
340 347 314
340 351 310
330 353 321
325 353 322
338 381 292
315 380 299
308 404 290
295 415 289
284 416 299
292 409 307
292 390 325
291 396 318
292 397 321
287 394 328
286 388 328
286 384 331
292 382 331
292 382 332
292 384 332
292 383 327
289 381 328
291 384 326
292 383 327
292 382 328
291 380 326
292 382 327
