300 326 292
296 325 290
298 323 290
302 324 289
305 324 288
304 322 289
300 324 294
299 329 295
302 330 290
299 326 281
294 324 280
304 329 280
306 332 278
307 329 284
286 324 287
290 332 288
309 342 286
321 338 278
305 323 279
295 318 281
297 329 291
308 340 298
316 340 298
308 328 295
300 325 290
300 334 291
277 345 285
268 326 303
286 334 310
336 343 322
313 333 321
310 319 313
307 315 297
313 312 300
296 328 295
278 332 304
290 343 298
315 339 291
299 320 290
310 338 285
290 340 297
286 346 292
283 335 306
308 351 294
319 336 281
302 316 270
297 310 286
293 330 302
304 348 303
314 346 293
297 320 276
294 307 272
292 319 292
303 342 296
311 340 293
278 310 273
286 298 273
300 314 280
322 341 294
310 342 304
290 327 300
286 318 290
290 317 285
297 329 277
298 325 278
307 321 282
314 335 280
294 345 270
295 342 278
277 322 288
305 346 275
344 349 269
328 326 266
292 329 259
287 327 292
301 350 302
323 341 317
291 308 329
344 326 348
329 382 307
269 357 303
259 356 283
293 338 286
313 339 270
316 325 284
298 329 287
281 340 296
278 347 304
303 358 300
306 337 288
316 330 281
307 318 280
305 325 285
285 337 295
285 351 301
280 331 312
307 350 295
318 338 287
312 321 279
305 313 276
301 323 283
290 336 295
293 347 300
291 338 300
303 334 291
306 330 286
304 324 289
306 336 290
288 333 300
294 344 291
295 327 287
300 324 283
302 329 289
303 337 294
302 335 293
302 329 290
300 324 288
303 328 290
305 331 293
302 328 294
300 325 291
306 326 290
312 327 290
310 326 287
298 324 287
293 326 290
292 330 294
300 330 295
306 328 287
295 321 279
293 331 262
296 324 252
298 317 256
305 331 266
305 340 279
300 337 288
293 329 288
319 330 281
312 315 287
302 324 296
296 332 322
327 377 342
296 368 343
275 345 328
284 334 295
304 337 268
313 316 264
307 305 264
289 317 281
281 353 287
285 348 307
301 359 297
312 335 287
318 322 278
307 306 283
