367 284 379
365 281 377
365 283 379
363 281 377
363 285 380
367 283 378
365 282 378
364 283 378
365 283 377
367 284 378
362 284 379
361 285 379
367 286 380
365 282 377
362 281 378
369 285 378
361 282 378
363 285 379
365 284 379
366 280 381
370 272 384
367 269 386
368 266 369
410 279 360
386 284 366
366 293 381
380 283 374
381 289 380
373 278 367
381 314 386
355 278 364
386 295 370
368 295 381
357 278 372
351 310 402
368 283 356
417 328 378
323 321 423
388 334 385
347 313 377
320 317 386
368 317 368
368 316 375
424 286 328
385 269 337
385 258 337
341 262 346
369 277 361
375 264 353
399 285 360
359 282 359
407 275 347
376 279 367
394 282 376
331 245 369
379 245 380
339 251 389
369 256 358
388 262 359
339 266 356
367 250 322
359 260 337
345 267 339
384 288 333
375 291 335
388 284 337
365 273 320
361 283 330
374 271 327
351 289 329
363 311 355
375 372 425
353 302 371
337 291 355
375 303 356
368 285 332
388 321 346
387 259 306
387 284 336
316 280 340
348 269 353
377 253 339
354 293 370
347 249 341
400 286 363
305 268 378
362 256 370
388 285 387
357 285 390
419 277 363
348 269 371
361 249 381
313 256 405
376 264 393
373 261 371
387 257 367
370 289 390
374 269 343
388 291 358
340 282 357
362 276 351
369 282 349
348 287 344
374 313 345
372 318 346
354 312 345
366 308 353
356 296 353
370 291 352
377 282 355
371 254 339
373 277 355
350 266 345
423 294 376
308 276 380
348 281 375
400 264 365
343 260 367
350 237 360
338 251 386
341 262 375
345 257 349
375 265 340
358 264 340
371 264 341
363 273 349
353 279 345
377 281 334
352 276 335
366 286 337
360 296 347
357 295 350
363 307 356
376 318 363
364 313 362
351 298 349
378 286 346
365 288 343
360 280 346
379 271 340
352 255 334
382 275 345
347 271 358
363 276 355
374 281 344
325 265 329
311 270 371
432 257 390
306 248 405
374 237 370
387 263 375
366 251 359
344 269 368
343 247 340
373 275 343
348 263 332
353 273 336
353 273 339
347 282 350
351 272 338
366 280 335
357 284 338
371 272 322
358 292 344
352 269 321
354 308 355
419 286 338
395 305 356
363 314 363
359 302 359
332 294 363
342 307 362
385 314 343
344 283 328
413 292 327
386 302 340
331 264 349
353 268 345
380 259 353
357 271 362
325 270 374
332 265 360
395 257 343
345 266 354
353 262 367
365 272 385
286 256 401
381 275 397
341 282 400
350 278 385
359 287 385
354 290 391
344 287 390
334 284 392
354 287 393
346 288 392
353 288 391
350 286 392
353 290 393
347 287 394
351 288 392
351 291 393
