366 325 407
367 325 407
366 326 408
366 326 409
367 327 409
369 325 409
368 324 409
367 324 409
367 324 407
366 324 408
368 324 407
366 324 408
367 324 409
367 325 409
367 324 408
368 324 407
368 323 407
367 325 408
368 326 412
371 326 418
369 324 415
366 326 411
365 326 409
366 330 409
367 330 411
368 332 410
369 332 411
367 333 413
367 336 412
364 338 415
361 342 414
365 344 413
364 345 415
363 351 416
360 352 414
363 348 412
364 347 411
370 345 411
363 349 413
365 354 413
360 355 414
358 356 412
362 353 411
367 351 409
366 347 409
361 349 410
363 348 409
359 348 410
364 346 413
366 350 414
364 341 416
371 340 406
365 335 402
372 339 399
371 329 402
374 332 396
381 338 396
384 329 395
382 331 394
381 324 397
379 327 399
380 328 397
375 332 401
371 336 398
376 333 397
372 338 389
367 338 381
389 357 398
369 346 413
372 347 408
366 351 411
367 355 404
361 352 412
372 345 402
362 348 401
363 340 413
364 346 406
361 346 417
358 342 412
365 350 415
365 349 420
360 350 414
358 348 417
353 346 415
357 348 417
354 352 412
353 348 414
353 347 415
356 351 414
358 348 416
356 352 414
355 349 415
354 347 413
350 348 411
352 345 414
356 349 416
356 348 418
356 345 415
354 349 414
359 347 416
361 349 416
360 347 416
360 347 417
355 348 415
359 344 415
357 345 413
361 344 414
361 344 414
359 341 415
361 343 413
359 343 416
363 343 417
360 342 415
359 342 413
356 343 412
358 344 414
361 344 414
362 343 415
362 342 415
362 341 416
363 343 415
361 344 413
363 344 412
362 344 413
363 342 416
362 343 415
363 345 414
362 346 414
361 347 414
359 347 413
358 348 412
360 348 412
363 348 413
361 347 414
361 348 414
361 347 412
358 349 413
365 347 411
361 345 411
365 344 410
367 343 409
367 346 411
365 350 414
361 352 415
360 352 412
362 352 411
363 351 408
363 349 409
365 347 407
365 347 408
365 349 411
362 349 411
364 349 410
367 345 411
372 342 409
375 340 408
377 339 407
375 339 406
378 340 405
376 339 405
378 340 404
382 343 403
379 341 402
379 341 402
382 338 398
378 335 398
377 337 398
383 332 394
383 323 390
389 315 390
384 326 393
375 332 398
377 333 394
381 334 397
384 324 397
382 327 388
393 326 400
386 325 394
384 327 393
383 337 398
378 339 399
372 343 405
379 339 404
379 339 395
369 348 413
372 326 407
368 345 407
372 336 403
360 354 415
363 338 410
357 349 412
364 340 407
355 351 415
359 338 400
366 352 405
366 341 409
360 344 412
356 348 415
362 343 415
363 341 416
362 346 419
363 342 413
357 342 415
353 345 416
358 347 415
355 346 413
357 345 413
353 345 417
356 347 417
352 341 417
356 342 413
357 342 415
355 342 417
357 343 415
357 340 416
356 340 415
360 337 414
358 340 412
359 339 413
355 340 416
355 342 417
357 342 418
356 342 416
356 341 416
356 343 415
356 343 414
358 340 417
360 337 416
356 340 418
357 342 418
360 339 414
359 340 416
358 341 415
359 337 416
360 336 414
362 337 413
357 342 415
357 344 416
358 343 416
361 341 413
358 344 417
364 342 414
360 347 416
361 349 417
360 340 413
360 339 411
356 344 415
357 343 414
359 343 415
357 342 415
359 343 414
359 341 412
361 337 411
362 335 411
363 339 411
362 341 414
363 343 414
362 345 411
365 343 405
369 345 404
369 345 407
368 344 409
370 343 408
369 342 409
371 340 409
369 340 409
373 341 409
376 342 409
376 343 409
376 342 411
372 344 409
366 337 405
379 339 402
377 335 401
385 334 396
380 333 399
380 335 398
376 335 399
373 342 401
380 338 394
379 331 394
396 307 393
382 334 387
386 327 394
384 324 393
385 326 392
391 319 392
389 319 389
384 319 385
392 322 389
385 339 399
379 329 399
376 338 405
372 340 408
373 332 399
369 332 416
374 347 404
374 324 402
373 329 402
371 332 407
360 349 408
370 341 412
371 341 400
371 333 412
355 352 416
366 337 412
360 345 411
359 343 417
359 348 412
361 345 410
360 351 411
362 347 410
365 340 412
357 347 416
361 341 408
359 348 413
356 355 419
348 358 422
353 349 418
356 352 414
354 348 418
358 347 413
357 343 414
354 348 415
355 347 415
362 339 414
362 340 413
356 341 417
357 340 414
361 338 411
361 337 410
363 335 414
363 333 415
363 335 415
360 336 415
362 334 412
359 333 410
358 334 410
359 334 414
363 329 415
368 325 411
368 325 410
365 327 410
363 329 410
363 330 411
366 329 412
365 326 412
365 329 414
368 325 415
368 324 412
364 324 410
362 330 412
359 332 413
360 332 412
362 330 413
362 329 414
362 331 415
363 332 417
362 330 418
363 326 419
363 327 413
360 335 413
358 342 416
353 347 419
351 350 420
352 350 418
354 348 416
355 347 415
355 345 414
352 345 415
351 346 414
360 348 409
355 344 409
367 345 406
365 343 409
367 342 414
370 343 421
370 344 408
372 347 409
376 343 398
366 340 399
375 338 391
384 341 394
381 337 386
385 324 392
394 306 389
382 332 395
375 325 401
377 328 392
385 326 396
384 316 388
382 319 388
382 329 392
378 326 404
381 336 401
383 325 400
374 344 403
371 332 407
365 336 415
375 329 407
372 336 406
367 331 412
360 341 415
363 332 407
360 342 414
364 340 411
353 354 422
355 347 423
367 339 403
365 337 406
363 337 403
363 343 401
356 349 408
357 350 407
350 350 417
351 350 412
351 347 413
359 346 410
359 347 410
361 345 415
359 349 412
362 344 416
362 344 420
358 344 414
358 339 419
357 341 413
358 338 415
361 340 413
358 337 415
357 335 418
356 339 414
357 335 421
360 338 414
362 335 414
357 337 406
365 336 413
362 335 420
370 339 422
367 337 421
363 335 414
360 336 410
359 336 414
363 338 418
364 339 421
365 337 419
368 336 416
369 337 415
367 338 416
365 337 415
362 339 413
366 339 413
363 341 416
364 344 415
364 343 414
361 344 414
364 345 414
360 348 416
361 346 411
358 345 408
365 344 404
366 344 404
364 343 408
366 349 414
363 348 417
363 350 414
369 344 407
366 346 404
370 345 406
372 344 400
379 339 395
373 340 394
374 339 398
387 339 392
383 329 393
387 326 391
386 326 393
386 327 393
387 329 394
388 331 395
390 330 394
388 330 393
391 330 393
388 331 394
389 331 395
387 333 395
390 336 396
389 335 396
386 331 396
389 332 394
386 331 393
387 331 390
384 333 390
384 335 397
386 339 389
374 342 405
381 342 400
372 346 400
370 337 400
367 344 397
365 340 402
364 342 408
360 351 411
356 343 414
358 349 411
357 345 416
360 344 414
359 342 423
356 345 416
355 346 418
358 347 418
356 345 412
359 340 416
356 346 411
362 339 422
359 343 417
364 339 418
363 341 416
364 339 416
364 337 419
365 336 416
367 333 412
368 331 411
366 331 411
365 331 411
364 332 412
365 333 413
367 333 416
369 334 418
370 335 421
368 340 426
368 344 426
366 342 421
363 340 416
365 339 414
359 342 415
379 345 413
361 336 417
373 332 407
365 328 405
382 328 399
374 334 399
371 339 401
376 342 400
370 345 400
373 346 403
376 345 401
372 340 398
386 335 381
389 332 384
388 325 385
389 322 387
391 321 388
386 319 389
383 325 389
384 324 390
388 323 389
386 326 387
384 333 388
382 338 397
385 342 396
383 341 398
382 337 398
384 338 397
374 337 396
376 339 404
373 343 397
362 344 407
367 348 400
358 351 411
366 350 411
365 356 413
369 352 422
370 350 417
363 346 419
364 346 413
362 344 410
363 348 411
