368 399 364
368 399 364
368 398 364
368 399 364
368 399 364
368 399 364
369 399 364
368 399 364
368 399 364
369 399 364
368 399 364
368 399 364
368 399 364
368 398 364
373 396 363
369 399 364
369 399 364
368 399 364
368 398 364
368 399 364
368 399 364
368 398 364
368 399 364
368 398 364
368 399 364
368 399 364
368 398 364
368 398 363
368 399 364
368 399 364
369 399 364
369 399 364
369 399 364
369 399 364
369 399 364
369 399 364
369 399 364
368 398 364
368 398 364
368 398 364
368 399 364
369 399 364
368 399 364
368 399 364
368 399 364
368 398 364
368 398 364
368 399 364
365 389 365
371 398 348
372 406 384
348 400 389
553 333 281
224 394 338
547 383 315
441 306 329
368 423 395
400 402 354
390 371 378
297 352 394
359 318 394
323 351 402
379 318 421
304 320 426
364 394 452
348 321 410
333 360 421
336 291 390
343 317 388
298 302 377
349 272 361
328 273 369
272 304 386
346 262 363
311 300 378
288 269 354
319 251 357
307 268 358
360 264 358
320 276 362
319 253 338
318 259 344
293 258 349
296 253 338
313 268 343
295 272 350
282 264 352
346 289 357
305 278 364
307 277 367
319 269 356
318 276 353
310 287 361
327 289 370
322 281 356
353 282 360
368 296 387
344 302 367
308 304 370
326 305 387
340 314 386
306 315 369
307 275 346
308 261 322
294 281 348
297 257 344
312 289 352
314 257 352
292 283 347
312 267 358
277 279 351
324 264 356
277 292 364
334 248 357
280 285 372
306 242 357
279 274 373
291 264 366
288 263 353
284 256 343
295 270 353
286 281 351
298 275 350
276 297 358
284 293 355
312 280 347
310 291 350
328 287 355
285 282 345
309 292 345
349 271 356
389 281 382
309 297 356
292 308 369
340 315 387
328 317 367
330 294 331
306 269 320
300 288 316
305 275 315
285 289 349
285 258 319
308 271 343
290 279 350
354 248 346
281 300 362
305 263 336
282 278 352
273 266 364
253 272 376
277 268 369
285 270 354
272 277 341
280 280 336
282 275 337
293 281 340
291 282 343
286 290 351
292 289 353
313 295 355
300 287 347
313 300 356
311 292 348
328 276 348
397 265 375
300 302 352
301 302 365
324 299 376
318 302 367
343 297 353
307 296 331
335 267 321
315 285 331
307 280 329
291 279 330
290 288 339
301 263 340
297 279 338
302 261 345
286 289 348
286 268 331
287 267 329
304 271 361
277 279 372
273 271 358
281 263 350
276 279 350
267 280 337
275 282 337
280 294 342
278 291 339
291 279 335
284 286 338
287 291 344
287 297 352
300 297 347
306 288 345
311 305 349
324 285 349
342 287 369
329 287 357
296 302 362
304 302 369
325 295 369
323 300 361
315 313 345
312 281 329
324 268 312
304 265 303
283 297 339
292 294 348
294 276 347
289 286 343
297 262 331
274 285 333
284 284 332
270 286 333
316 233 319
288 291 359
280 295 370
258 297 377
295 263 360
282 281 355
261 281 332
271 278 330
273 280 332
269 284 324
279 286 330
260 304 331
291 302 336
291 310 337
292 303 334
318 295 335
336 300 352
363 277 366
342 288 360
305 304 366
321 314 381
341 308 363
315 306 340
324 292 318
308 283 304
296 287 312
278 288 316
281 280 311
280 276 322
297 274 331
284 294 362
271 299 357
303 243 322
286 281 343
263 288 363
256 307 392
293 287 374
295 291 358
281 292 351
285 287 351
277 273 345
279 285 358
290 281 371
304 276 371
298 282 367
298 288 352
308 289 349
305 316 359
327 306 354
348 324 362
372 313 355
403 313 369
398 297 361
402 303 367
414 294 363
405 297 351
430 310 357
403 303 349
416 308 342
413 320 350
406 328 351
425 324 352
404 328 349
405 321 345
403 325 347
398 321 346
404 321 345
402 323 346
406 320 344
407 322 346
404 324 347
