291 382 327
292 383 327
292 383 327
292 382 327
291 382 327
292 382 327
292 382 326
292 382 327
292 382 327
292 382 327
292 382 327
292 382 327
292 382 327
292 382 327
292 383 327
292 382 327
292 382 327
292 382 327
291 383 327
292 383 327
292 382 327
292 382 327
291 382 327
292 382 327
292 382 326
291 382 326
289 382 328
287 380 327
290 381 329
290 382 329
293 384 329
291 381 331
288 378 330
286 376 332
292 381 331
289 382 326
289 378 328
287 379 329
288 380 329
288 386 332
292 383 327
292 386 329
292 384 330
294 383 326
289 380 332
293 384 332
287 396 342
278 388 332
275 384 324
283 371 314
296 365 299
303 357 294
310 355 292
315 347 289
322 344 289
323 344 288
327 344 288
327 344 284
331 343 281
333 342 278
333 342 274
333 340 271
336 339 265
343 340 259
345 341 258
347 341 262
350 339 268
350 338 274
349 340 282
348 341 285
343 344 295
343 342 294
349 343 296
349 345 290
350 349 291
337 357 301
331 357 305
332 353 301
333 359 303
339 365 309
352 356 302
349 359 303
361 352 290
368 353 291
352 352 290
360 351 286
356 348 280
360 349 274
358 347 275
359 349 277
355 350 275
351 346 274
364 357 271
354 348 269
369 361 261
365 354 253
364 355 250
364 350 253
374 347 257
368 345 264
360 340 272
358 342 288
360 346 293
358 348 301
358 351 304
358 351 304
356 353 301
347 357 303
339 351 304
335 355 301
349 363 297
337 360 297
349 365 296
337 357 304
370 356 289
361 357 304
365 351 299
359 349 294
363 350 295
367 342 287
371 352 287
363 346 277
372 352 275
346 344 274
359 351 273
352 347 257
350 352 264
357 353 265
352 352 265
353 352 257
363 355 251
362 352 249
364 344 250
367 340 262
357 336 275
357 338 278
355 341 290
352 341 301
357 347 311
362 345 299
356 340 299
355 347 302
350 344 306
338 347 305
352 355 300
350 360 298
346 359 304
351 358 297
339 351 315
368 360 300
365 350 291
370 350 295
370 344 278
379 348 283
373 348 287
359 348 286
363 357 282
358 356 276
358 353 269
356 349 267
356 353 269
348 349 269
349 351 269
354 351 258
353 352 251
361 352 245
354 351 248
358 344 257
353 343 268
358 342 277
362 341 281
359 345 294
354 347 297
358 340 301
362 349 303
350 344 302
341 345 311
346 348 314
346 347 305
351 355 303
349 354 298
350 355 293
357 350 294
362 353 290
371 345 291
365 351 297
368 343 281
373 341 278
364 344 282
361 339 286
359 338 288
354 337 290
360 346 280
364 349 274
359 348 266
356 344 265
360 340 260
368 340 255
370 342 253
366 337 251
370 336 255
362 338 261
363 339 270
354 339 281
358 340 289
359 337 297
356 335 301
360 344 302
345 343 306
339 356 318
343 351 312
351 360 301
353 362 299
343 356 299
349 357 298
362 356 300
353 350 298
362 352 299
363 344 292
356 344 281
366 350 284
355 341 289
355 346 284
356 348 273
352 347 257
354 350 254
349 342 250
371 346 239
360 343 253
359 344 263
351 343 273
356 344 270
359 342 276
356 340 283
354 340 288
358 342 291
360 339 279
355 342 284
347 344 306
358 338 289
358 348 286
352 340 271
335 353 289
338 358 299
328 362 306
324 353 303
334 361 296
337 360 296
333 358 293
349 353 281
348 350 284
341 350 288
359 347 279
353 347 283
348 340 281
358 342 277
351 339 273
353 341 277
347 339 274
348 335 276
353 332 274
354 332 275
355 330 274
356 331 274
356 333 275
355 336 275
355 338 273
357 339 271
358 340 272
358 338 271
362 339 272
359 338 273
360 338 274
359 336 280
354 336 290
359 336 291
345 342 302
347 346 301
326 349 309
344 349 302
334 355 295
338 355 295
329 358 303
336 356 286
336 353 285
346 353 291
360 353 278
350 353 290
353 338 280
369 343 290
362 337 290
368 341 285
365 342 277
350 339 277
356 346 275
348 345 263
376 347 257
370 341 260
372 339 257
366 339 257
375 336 256
365 337 259
364 334 271
365 336 283
362 336 289
366 339 288
346 342 297
340 345 303
339 354 305
336 355 304
328 351 301
338 348 298
346 360 297
346 356 294
349 358 297
342 354 298
362 356 298
356 352 302
360 350 296
359 346 292
363 348 294
356 346 275
366 356 273
347 349 277
349 347 280
343 345 271
348 346 271
346 345 263
354 347 254
354 346 247
362 348 239
352 345 247
354 341 255
356 338 263
350 338 270
346 336 280
342 337 285
341 344 298
333 342 296
345 347 294
334 352 299
333 360 316
327 350 310
338 355 304
342 363 304
343 359 304
354 365 300
349 360 302
358 354 291
366 353 294
359 349 294
362 352 290
359 352 285
369 360 285
351 356 277
332 353 266
346 358 266
353 358 262
356 359 253
352 352 253
351 351 251
351 350 245
352 347 250
354 346 254
347 338 263
348 337 276
344 337 287
346 339 295
350 340 296
354 340 296
355 344 300
356 348 296
345 349 302
341 355 305
333 343 310
347 361 300
339 358 301
344 359 309
341 360 310
351 360 307
348 357 298
354 362 295
353 366 285
350 363 280
346 370 270
342 373 273
325 373 273
332 375 270
331 373 271
324 376 281
307 375 287
286 377 300
287 370 310
280 375 316
283 370 319
285 374 321
286 373 319
290 370 322
288 370 320
284 371 319
283 371 319
289 369 321
286 371 320
285 370 313
284 368 315
288 368 319
287 370 319
287 371 319
287 372 317
288 371 318
287 371 317
286 371 319
