337 330 415
339 332 415
336 332 417
339 329 416
341 332 416
338 329 415
337 332 416
338 329 416
339 331 415
339 332 416
337 331 415
339 329 414
337 328 415
338 328 415
339 331 416
338 329 415
336 326 415
339 329 415
335 330 415
338 329 414
338 331 415
337 326 416
342 323 417
342 327 421
336 329 431
330 315 431
342 347 429
337 354 429
340 335 417
344 375 426
350 348 423
345 354 422
352 349 420
349 336 411
357 352 420
344 348 417
354 334 408
348 326 416
332 326 408
324 318 401
348 339 411
319 332 417
341 329 401
365 313 392
359 308 391
370 344 402
343 337 407
344 305 391
352 312 387
338 342 392
336 356 404
317 390 413
321 331 406
338 319 400
371 313 412
312 341 422
370 347 429
328 347 428
360 341 429
317 306 424
331 324 428
333 326 423
330 346 428
339 341 424
338 345 422
342 339 422
352 330 420
350 348 423
351 339 420
354 331 418
347 319 413
354 331 420
343 327 428
344 328 434
346 353 440
336 350 433
335 316 424
344 363 427
341 351 419
331 367 418
335 375 420
323 317 403
354 362 413
327 371 423
348 356 414
317 345 410
349 365 410
288 383 416
318 352 405
360 290 374
347 293 379
341 361 397
344 344 398
350 317 395
297 351 401
394 336 390
285 373 408
381 349 393
319 363 413
328 335 416
338 322 421
327 357 422
352 366 426
372 346 420
336 336 422
365 341 413
339 314 413
341 324 418
328 332 428
316 322 427
340 327 430
310 346 425
338 327 416
338 357 419
351 349 416
329 318 421
354 323 424
342 347 422
341 330 422
350 327 431
344 332 433
337 341 427
337 355 437
328 345 429
307 343 433
363 339 421
333 344 412
332 379 424
339 315 404
348 368 417
316 343 406
355 352 405
320 344 409
340 321 403
368 341 406
336 321 407
329 375 423
358 311 388
347 319 395
354 344 397
325 378 410
358 332 398
355 332 402
341 341 407
345 335 394
344 354 401
313 350 403
337 356 408
313 344 421
322 334 411
344 345 422
304 346 419
348 369 423
322 331 417
367 349 429
324 323 417
358 339 420
323 332 416
345 332 425
340 328 428
328 329 422
366 309 422
303 338 423
353 333 420
341 324 422
344 331 423
354 335 419
350 331 419
351 330 426
346 323 431
353 328 432
348 343 429
339 350 429
342 337 424
333 363 428
371 332 413
333 349 414
330 358 421
346 351 417
356 359 414
323 372 414
346 345 401
332 356 406
333 351 408
338 349 404
334 368 411
317 347 410
346 373 414
329 333 406
362 311 393
347 314 379
374 360 396
355 327 395
326 342 403
326 343 396
348 327 384
344 390 401
317 347 401
348 338 401
351 332 423
323 350 421
349 330 420
361 371 416
339 366 418
334 326 417
332 348 427
362 305 425
303 362 440
401 311 425
296 361 439
377 320 428
328 330 430
345 325 422
327 332 416
336 323 413
335 337 413
337 324 411
348 322 414
336 319 417
332 315 416
333 321 415
338 322 411
333 327 411
335 325 412
329 323 414
338 319 414
332 324 416
335 322 416
330 321 414
333 329 414
331 325 414
337 325 414
345 320 412
342 317 413
325 322 415
333 318 414
333 315 413
333 319 411
326 320 413
337 320 413
333 319 414
334 321 414
331 319 413
334 321 412
336 319 412
331 320 413
331 318 415
330 313 412
327 320 413
331 319 411
332 319 413
330 317 413
329 320 414
331 318 412
333 318 412
