345 334 281
345 335 281
345 334 281
346 334 281
347 334 280
346 334 280
346 334 281
346 333 280
346 333 282
346 334 281
347 334 281
347 333 281
347 334 280
347 334 280
347 334 280
348 333 277
350 331 270
355 332 261
363 331 254
366 331 256
362 330 261
358 329 273
356 331 284
359 330 286
359 331 290
357 333 295
347 336 301
352 340 304
330 346 311
338 343 307
341 343 303
338 349 300
337 347 303
340 341 293
356 344 290
358 340 283
361 341 285
352 339 283
355 332 277
359 338 286
359 329 280
373 331 278
368 330 283
363 335 280
369 330 278
372 331 275
366 325 270
367 322 265
377 324 253
376 324 253
378 322 261
374 321 262
367 321 272
369 323 278
359 327 294
358 328 303
361 334 307
360 332 298
355 331 292
336 344 310
342 339 310
336 333 300
338 342 296
334 343 301
341 340 293
344 342 298
358 343 284
362 334 285
358 338 283
360 335 281
357 334 278
361 331 274
367 334 288
357 329 285
371 333 282
372 334 279
376 338 277
372 335 269
369 332 268
370 332 264
379 332 260
385 332 257
377 330 257
370 326 263
370 325 271
357 327 283
353 329 296
353 332 302
358 339 303
344 340 305
341 345 307
330 344 309
343 337 300
338 344 293
340 346 296
337 341 300
350 340 288
353 344 291
356 338 286
361 342 296
358 338 296
357 328 283
358 334 283
355 324 279
354 327 273
358 328 270
351 331 268
357 332 269
348 325 256
358 323 247
360 323 251
358 321 254
361 323 261
363 323 267
361 324 272
367 325 273
360 328 283
359 328 293
357 328 293
356 331 301
357 332 300
353 335 302
350 338 298
336 344 305
344 338 303
343 345 298
341 343 295
347 343 295
338 342 298
370 341 282
347 344 291
360 339 288
367 342 288
352 335 282
362 334 285
357 331 281
365 335 284
355 331 275
362 330 271
358 332 272
360 330 268
360 332 264
364 330 259
374 329 255
371 329 255
375 328 258
367 326 263
364 325 268
369 321 270
353 326 285
360 328 293
353 331 301
354 334 307
356 333 304
353 336 296
338 338 305
342 336 301
348 336 301
350 337 295
345 339 300
343 339 297
344 339 303
358 341 291
354 335 293
362 342 290
364 332 272
358 334 280
360 333 282
360 329 278
357 336 275
362 337 277
349 334 273
359 333 269
354 329 259
369 326 250
369 326 250
364 326 256
365 325 261
360 327 267
362 328 270
361 329 275
358 331 284
357 331 292
356 332 298
350 332 299
362 331 295
345 336 300
339 344 305
340 338 301
346 341 295
340 341 296
337 345 296
336 338 294
343 347 298
345 338 288
358 345 294
342 337 285
351 334 279
356 341 283
347 329 279
358 335 272
356 332 276
351 330 272
352 326 267
360 331 269
357 330 261
367 327 252
367 329 257
362 327 259
367 328 259
363 325 262
367 328 271
362 325 276
357 327 286
361 327 296
358 330 296
353 333 300
351 340 302
352 342 300
325 346 311
343 334 310
344 343 304
342 338 305
342 342 323
343 337 308
365 345 304
350 335 295
359 336 284
356 340 275
356 340 262
351 352 252
336 360 257
321 370 265
295 369 278
292 364 292
287 366 310
273 365 314
286 365 319
279 366 316
287 370 315
286 370 315
288 371 314
286 371 317
281 368 318
295 372 317
286 372 314
289 369 314
290 368 313
289 370 312
291 373 313
290 372 313
291 373 315
290 373 315
